/Users/ibassi/anaconda3/bin/python /Users/ibassi/Documents/School/CSC240/final-project/memorybased.py
/Users/ibassi/anaconda3/lib/python3.6/site-packages/sklearn/cross_validation.py:41: DeprecationWarning: This module was deprecated in version 0.18 in favor of the model_selection module into which all the refactored classes and functions are moved. Also note that the interface of the new CV iterators are different from that of this module. This module will be removed in 0.20.
  "This module will be removed in 0.20.", DeprecationWarning)
TRAIN ----------------------
       user_id  item_id  rating  timestamp
86644      663      845       3  889492796
50441      771      690       4  880659235
33606      195       93       3  891762536
30178      537     1139       2  886032000
98237      643      630       3  891448352
79939      815      449       2  878698661
94274      521       79       4  884477656
28481      394      222       4  881132876
48044      325     1523       4  891478504
1391        25      208       4  885852337
80907      921      215       4  879380677
57016      479      566       3  879461800
53208      650     1149       4  891383856
157         99      268       3  885678247
69413      476      393       4  883365135
34538      379      729       4  880961621
65202      563      476       3  880507311
41063      276     1098       4  880913684
85081      889      250       4  880177179
57371      325      134       4  891478599
98304      536      450       2  882364152
67374      885      173       4  885713357
23895      417      715       2  879648656
69861      894      691       3  889468982
43926      363      204       2  891495402
98379      401      243       3  891031867
53074      537       20       3  886029974
88588      897      181       3  879990622
88369      890      523       4  882403299
19510       92      725       3  875907727
...        ...      ...     ...        ...
47151      181      885       1  878962006
3754       234      229       4  892334189
12343      256      226       5  882164644
20435      158      430       5  880135093
22542      238      926       3  883576543
27028      507      826       5  889966127
48039      233      371       5  880190399
44866       45     1059       2  881014417
1846       271      714       3  885848863
70618      650       21       2  891387767
91899      318      451       4  884497546
61778      486     1379       3  879874515
95295      203      744       2  880434495
91107      646      880       3  888529127
76760      840      163       4  891204295
32853       22      636       3  878888106
27306       62       91       4  879375196
103        293      685       3  888905170
62319      694      492       4  875727581
90773      538       58       4  877109688
66471      472      660       5  875982096
70056      514      168       4  875308925
13891      194      188       4  879522158
49584      663      321       5  889491739
75659      916      527       4  880845135
97150      846      192       5  883949254
13761      218        5       3  881288574
98416      886      655       4  876032973
91755      144      212       5  888105993
71402      925      682       4  884717586

[75000 rows x 4 columns]
TEST ----------------------
       user_id  item_id  rating  timestamp
66536      846      719       2  883949643
93247      532      161       5  892519934
7589       345      251       5  884994119
5874       222      436       4  878184358
33362      449     1367       4  879958976
61648      846      659       5  883948908
11968       18      393       3  880130930
84848      934      818       1  891190288
4155       290      239       2  880474451
63878      433      276       5  880585843
81562      642      734       3  886569960
90887      886      265       4  876032553
61114      627      288       3  879529381
4339       320      291       4  884749014
94603      336      579       3  877757373
5970       239      312       2  889181247
50010      416     1053       4  886319434
11518       84      148       4  883452274
48047       82      175       4  878769598
71202      936     1086       3  886832134
53127      378      747       3  880055597
31545       44      450       2  883613335
21841      373     1078       3  877105451
68932      854     1061       1  882813421
98307      437      135       4  880140101
57615      699      211       1  878883113
17963      450      100       4  882374059
97226      417      473       2  879646860
94483      642     1152       5  886569828
85936      552      628       3  879221833
...        ...      ...     ...        ...
66375      643      219       5  891449614
72345      912      143       5  875966694
56092      385      383       1  879449871
61420      655      325       2  887425197
83846      868      946       1  877107189
49006      507      257       5  889966054
2335       296      242       4  884196057
72961      387      521       3  886483906
60537      409      428       4  881109175
38487      335      342       2  891566976
53967      751     1007       4  889132222
72918      640       55       5  874777765
91306      141     1040       3  884585547
73207      889     1195       3  880182317
30175      394     1371       2  880886546
11586      186       31       4  879023529
96736      804      291       4  879443819
42949      617      519       3  883789105
86374      735      301       3  876697610
20252      450      708       4  882397049
21909      200      280       4  884127798
83152      874      346       3  888632147
27387      518      934       3  876823143
21834      437      191       4  880140726
85919      864      203       5  888886846
59368      846      193       5  883948417
77922      726      833       5  889832807
29662      452      259       2  888494119
614        298      181       4  884125629
77940      346      515       5  874948890

[25000 rows x 4 columns]

User-based CF RMSE: 2.504761937528604
Item-based CF RMSE: 2.430861325964473
User-based CF MAE: 2.2355717111039266
Item-based CF MAE: 2.098710440476843
User-based CF MSE: 6.273832363692045
Item-based CF MSE: 5.9090867860697545



user_similarity
[[1.         0.14930716 0.04930269 ... 0.16539441 0.13943662 0.31807293]
 [0.14930716 1.         0.09493189 ... 0.14473008 0.16973956 0.06164641]
 [0.04930269 0.09493189 1.         ... 0.11117352 0.12573482 0.0297619 ]
 ...
 [0.16539441 0.14473008 0.11117352 ... 1.         0.11191972 0.10397538]
 [0.13943662 0.16973956 0.12573482 ... 0.11191972 1.         0.1771793 ]
 [0.31807293 0.06164641 0.0297619  ... 0.10397538 0.1771793  1.        ]]
item_similarity
[[1.00000000e+00 3.44550506e-01 2.95345709e-01 ... 6.18226945e-12
  4.94581556e-02 3.91001052e-07]
 [3.44550506e-01 1.00000000e+00 2.65783019e-01 ... 1.35931812e-11
  8.15590872e-02 8.59708265e-07]
 [2.95345709e-01 2.65783019e-01 1.00000000e+00 ... 1.67978285e-11
  1.11985523e-11 1.06238796e-06]
 ...
 [6.18226945e-12 1.35931812e-11 1.67978285e-11 ... 1.00000000e+00
  1.66666667e-10 1.58113883e-05]
 [4.94581556e-02 8.15590872e-02 1.11985523e-11 ... 1.66666667e-10
  1.00000000e+00 1.05409255e-05]
 [3.91001052e-07 8.59708265e-07 1.06238796e-06 ... 1.58113883e-05
  1.05409255e-05 1.00000000e+00]]


fast_simple, eucledian, pairwise

User-based CF RMSE: 3.0985523175307974
Item-based CF RMSE: 3.2961661892814615
User-based CF MAE: 2.901863912666221
Item-based CF MAE: 3.076398564743313
User-based CF MSE: 9.601026464475476
Item-based CF MSE: 10.864711547362273


fast_simple, cosine, pairwise

User-based CF RMSE: 3.19909979654421
Item-based CF RMSE: 3.4167262622509518
User-based CF MAE: 3.0046540359443283
Item-based CF MAE: 3.214641923939276
User-based CF MSE: 10.234239508249207
Item-based CF MSE: 11.67401835115536

predict, pairwise
User-based CF RMSE: 3.033658986769677
Item-based CF RMSE: 3.422605814739657
User-based CF MAE: 2.8265264617773678
Item-based CF MAE: 3.221703055129645
User-based CF MSE: 9.203086848008423
Item-based CF MSE: 11.714230563089712

predict_nobias, pairwise
User-based CF RMSE: 3.0346639864156173
Item-based CF RMSE: 3.0192984542034638
User-based CF MAE: 2.8265745428857154
Item-based CF MAE: 2.811473124063067
User-based CF MSE: 9.209185510447925
Item-based CF MSE: 9.116163155555425


User-based CF RMSE: 2.9229354858121144
Item-based CF RMSE: 3.068657003954547
User-based CF MAE: 2.7110742830426933
Item-based CF MAE: 2.832662569277543
User-based CF MSE: 8.543551854219702
Item-based CF MSE: 9.416655807919296



user_similarity
[[1.         0.14400747 0.05265288 ... 0.11384354 0.1443785  0.37064681]
 [0.14400747 1.         0.11227081 ... 0.13695255 0.17792651 0.11334765]
 [0.05265288 0.11227081 1.         ... 0.09385189 0.10661051 0.03000718]
 ...
 [0.11384354 0.13695255 0.09385189 ... 1.         0.10900475 0.08758814]
 [0.1443785  0.17792651 0.10661051 ... 0.10900475 1.         0.18336604]
 [0.37064681 0.11334765 0.03000718 ... 0.08758814 0.18336604 1.        ]]
item_similarity
[[1.         0.37465615 0.30542525 ... 0.         0.0496521  0.0496521 ]
 [0.37465615 1.         0.23000561 ... 0.         0.08254102 0.08254102]
 [0.30542525 0.23000561 1.         ... 0.         0.         0.10153462]
 ...
 [0.         0.         0.         ... 1.         0.         0.        ]
 [0.0496521  0.08254102 0.         ... 0.         1.         0.        ]
 [0.0496521  0.08254102 0.10153462 ... 0.         0.         1.        ]]




 User-based CF RMSE: 2.3990070253897513
Item-based CF RMSE: 2.304620160620482
User-based CF MAE: 2.119494074866548
Item-based CF MAE: 2.00532211979594
User-based CF MSE: 5.755234707869383
Item-based CF MSE: 5.311274084738377


User-based CF RMSE: 2.410149856993508
Item-based CF RMSE: 2.2849031259466153
User-based CF MAE: 2.1267340284846927
Item-based CF MAE: 1.9856197824552564
User-based CF MSE: 5.808822333165826
Item-based CF MSE: 5.220782294960614




                  Fold 1  Fold 2  Fold 3  Fold 4  Fold 5  Mean    Std     
RMSE (testset)    0.9429  0.9431  0.9538  0.9417  0.9375  0.9438  0.0054  
MAE (testset)     0.7488  0.7466  0.7554  0.7481  0.7429  0.7484  0.0040  
Fit time          0.06    0.05    0.05    0.05    0.07    0.05    0.01    
Test time         0.17    0.16    0.16    0.16    0.14    0.16    0.01    


